    -7.3252886073810     0.9727899203865
    -6.4223263352867     0.9856267098342
    -6.2692368758881     0.9851383101192
    -5.7958155287693     0.9810670357964
    -5.5269535062633     0.9813933911078
    -4.6191186131865     0.9802876857225
    -4.2729118082539     0.9808842202307
    -3.1525978898607     0.9836490470653
    -2.6575964313004     0.9870677844835
    -1.9068438529024     0.9864468460166
    -1.1353066121050     0.9874387016765
    -0.4033527212536     0.9856774731167
    -0.2982477375838     0.9864366726891
    -0.1637324802028     0.9870123108716
    -0.1495897343591     0.9875701025544
    -0.1436803526412     0.9876191651663
     0.2719324252279     0.9868739404444
     0.5739737426688     0.9875942527786
     0.5820177665279     0.9866338199239
     0.5871883718035     0.9873981773682
     0.8808504257144     0.9835365835847
     1.4532485665617     0.9696735822023
     1.7787646624693     0.9618506460831
     1.8277373892136     0.9609917611747
     1.8519872374029     0.9596418793689
     2.4530472053522     0.6463120345264
     2.4805654156366     0.3367102947358
     2.4953079636517     0.9024280269212
     2.7236852425540     0.1754231729201
     2.7620151516205     0.1529214735716
     3.0801034327840     0.7943833566968
     3.4411581439070     0.4263376708480
     3.4525836787313     0.1312985171895
     3.5133268788703     0.8498792582284
     3.5436584915149     0.5171467348922
     3.5543432497478     0.8486912842023
     3.7800077115644     0.2579696290303
     4.0516763095303     0.0700490033903
     4.1504145462592     0.0028093684808
     4.2270961015189     0.1651485735889
     4.2747992842183     0.1567450910555
     4.7704012797797     0.1029654958671
     4.9293069216487     0.0095162748980
     5.4098975834275     0.9637627758857
     5.4605787101738     0.9794456575761
     5.6673871335401     0.1450155516549
     5.6919201682359     0.0013836619912
     5.9466377711060     0.0008515487415
     6.0011521248353     0.0037065615995
     6.0253463523495     0.6085510697509
     6.0895259624916     0.0000575342083
     6.1199590469467     0.7606466765318
     6.1926803068666     0.1507305540211
     6.2637022460465     0.0098880154439
     6.7342310589077     0.0004913790217
     6.7845382186567     0.0010085887833
     6.9390183784861     0.0830107644613
     6.9749137906098     0.0849289134272
     7.0157980712220     0.0335720109880
     7.0267506815092     0.0105119657141
    -7.3252092384742     0.9727941780060
    -6.4282058129900     0.9857583306832
    -6.2551147914993     0.9849159131452
    -5.8291185965176     0.9814555241128
    -5.4875221914193     0.9810645089411
    -4.6769125135341     0.9802351256246
    -4.2100054176572     0.9810372663576
    -3.2046116641295     0.9837174172828
    -2.6204993720729     0.9867257057952
    -1.8971305161294     0.9867293916913
    -1.1584592766425     0.9875254722235
    -0.3996505015995     0.9857039784665
    -0.3026579695238     0.9864411473813
    -0.2117290597984     0.9869725029332
    -0.1381395409208     0.9875523042093
    -0.0879032173793     0.9876572541378
     0.2460030791115     0.9872201016182
     0.4657577607620     0.9876558557337
     0.6065131742795     0.9869527711583
     0.7111415124754     0.9860240067700
     0.9199806006742     0.9824896889953
     1.3998893334452     0.9719802666561
     1.6315960616526     0.9672971965540
     1.8886300656531     0.9575605111838
     2.0068552115884     0.9528519539905
     2.1958525539887     0.9265089372489
     2.4742652523130     0.0898455145587
     2.6824172641891     0.1652301872672
     2.7678379399905     0.8518198401359
     2.8065302427548     0.1879149957400
     3.0111810999954     0.8126630506497
     3.2926487319031     0.8693838061535
     3.3385537602901     0.1840856854802
     3.5562851860663     0.6586543808742
     3.5808155379442     0.1036472356689
     3.7821982145437     0.8280570451687
     3.8256259437387     0.3352304785384
     4.0364858552712     0.0680451805904
     4.1773636298333     0.0611461123242
     4.1886267661539     0.2172074160875
     4.2446899963408     0.1160010477973
     4.7104586297682     0.0758693344133
     4.9855728151930     0.0841736101836
     5.2597799685614     0.7072435487274
     5.3374583205661     0.8665282858479
     5.6969981319688     0.0048394177063
     5.7842272241262     0.2999773960419
     5.9087437907523     0.0008614987607
     5.9772570001749     0.5671308087829
     6.0494457653306     0.0018388355348
     6.0861843145545     0.1273380521825
     6.2163917341883     0.1110422915725
     6.2566342725855     0.7793322015559
     6.4139314192151     0.0575927471334
     6.6316580832402     0.0011749651204
     6.7383708161859     0.1126144673362
     6.8953808797829     0.0009152435020
     7.0127617220440     0.0350635516363
     7.0306061329319     0.0104272473068
     7.1853008829886     0.0590502950325
    -7.3251557332301     0.9728034099702
    -6.4399766227438     0.9859950871112
    -6.2197569822700     0.9844061579383
    -5.8960359306123     0.9821368931558
    -5.4031969465718     0.9805607572898
    -4.7885441817792     0.9801959395303
    -4.0835495711709     0.9813665451398
    -3.3216417426888     0.9836543841483
    -2.5484772579223     0.9860704184850
    -1.8695848403441     0.9875023947363
    -1.2172681345279     0.9876606558734
    -0.3888023579925     0.9857749367332
    -0.3117175079304     0.9864364430648
    -0.2604633050711     0.9867170078920
    -0.1094894949319     0.9875047525698
    -0.0157129381420     0.9879117830693
     0.1913927189537     0.9877490249079
     0.3547107891071     0.9880222326326
     0.6790113368573     0.9855657879039
     0.8451487746743     0.9845823241935
     1.0307548576503     0.9794374845012
     1.2961766782175     0.9757449556375
     1.4609650342806     0.9725428408942
     1.9138505812979     0.9446998822397
     2.0251793913016     0.9497812130994
     2.2003112113665     0.9435813166066
     2.4829010707713     0.1089239058163
     2.6396336137886     0.1219606982857
     2.8237742430563     0.7099942766829
     2.9037943289989     0.3272302647615
     3.0602910931950     0.8878786850845
     3.0623730244894     0.8329704347060
     3.2376484587656     0.1583738562938
     3.5849891072899     0.4827273902755
     3.7062533824612     0.1085537280940
     3.9382691909047     0.2960577680428
     4.0312898646889     0.2278751414048
     4.0361092022603     0.8065667949484
     4.0637761396941     0.4362318133041
     4.1716685328253     0.0559773596152
     4.2411640226964     0.0594255127198
     4.6150231173122     0.0635387167925
     4.9435983286003     0.5810331847350
     5.0967479471652     0.7863693146288
     5.1751512526846     0.1611982633233
     5.7075154260327     0.0038276124025
     5.7578114800127     0.1125553942368
     5.8617887470092     0.0006398061959
     5.9880858659805     0.4847425876854
     6.1238327487150     0.0006735948410
     6.1744880099553     0.3065602594372
     6.4642642222569     0.1459489131378
     6.4666617218857     0.6829270654480
     6.5288810471904     0.0491580259962
     6.5379633833848     0.2701531633052
     6.6189317524614     0.0659111822809
     7.0245804232008     0.0388380608626
     7.0279798354657     0.0053852666985
     7.0488473331849     0.0061897317243
     7.1747722821723     0.0238791502358
    -7.3250719261793     0.9728125631172
    -6.4495941775519     0.9861702937512
    -6.1770946045798     0.9837910298870
    -5.9609557385272     0.9828309196134
    -5.3149591696753     0.9801393058726
    -4.8952188381202     0.9802646466719
    -3.9550580254567     0.9817142296101
    -3.4477028706821     0.9834271789884
    -2.4909602106299     0.9854620072453
    -1.8337181614603     0.9884454383624
    -1.2822097672878     0.9876533389408
    -0.3717976576025     0.9858703118804
    -0.3192003527961     0.9864236823234
    -0.3003377877286     0.9864995461083
    -0.0759737476696     0.9873983805247
     0.0638406332958     0.9881503947156
     0.1385786295663     0.9881576307752
     0.2519723601376     0.9881476400782
     0.7548499269166     0.9838981042655
     0.9860789659200     0.9825955177247
     1.1737009412511     0.9779601357495
     1.2246017455879     0.9753616022212
     1.2974950286365     0.9767990412495
     1.6578891785872     0.9571279865456
     2.1562688920660     0.9410563221754
     2.4016627305635     0.9327222979287
     2.4956702163408     0.1388129501785
     2.6056765723221     0.0990624327264
     2.6898343410373     0.8809816330328
     2.8359938411614     0.9043960895009
     2.9660781631967     0.1695377567258
     3.1408992149493     0.1584105175793
     3.3363783287584     0.7713655976221
     3.5984082629121     0.4353663667586
     3.8172344583701     0.1822599576664
     3.8847267825609     0.4597966535128
     3.9684672864901     0.0188452462002
     4.0668901529788     0.0511284128949
     4.1592986974710     0.4544804516652
     4.2965593543563     0.7864514158894
     4.3268765159659     0.1711289168720
     4.5290579113396     0.0776463876299
     4.7199651010514     0.6528411002176
     4.8312946080515     0.7662075961907
     5.2822397836735     0.0802499583380
     5.6267926131115     0.0393569848147
     5.7208983283688     0.0033083934739
     5.8253674442415     0.0002914064881
     6.0502298471371     0.3598377583720
     6.2080652240856     0.0005105001873
     6.3111337327121     0.2323765015481
     6.4013602829295     0.0014862045783
     6.4108290096580     0.3609291173861
     6.7263647681036     0.7399385436386
     6.7848880702285     0.2151069500052
     6.8319393219959     0.1171225106043
     7.0466762021008     0.0539507882024
     7.0543731672741     0.0103050515379
     7.1415430284160     0.0243062097577
     7.1461951868039     0.0101196263297
    -7.3250125775308     0.9728166389175
    -6.4531355416625     0.9862319721570
    -6.1533702409010     0.9833925152554
    -5.9923929743658     0.9832521614996
    -5.2705119224888     0.9799195520421
    -4.9459807865418     0.9803658133899
    -3.8896008644217     0.9818821662979
    -3.5129064820623     0.9832895303802
    -2.4699940593977     0.9852077219377
    -1.8153906191759     0.9889108441106
    -1.3120000447094     0.9875799405036
    -0.3579739195045     0.9859044143428
    -0.3219463605636     0.9864185438294
    -0.3217520631396     0.9864253926839
    -0.0586247651850     0.9872941656740
     0.1143769465666     0.9883601977278
     0.1350418472847     0.9885305340892
     0.1730222799150     0.9878853622795
     0.7914995907782     0.9828928677007
     1.1115806681079     0.9799382635272
     1.1481253770545     0.9808441034953
     1.1644468591223     0.9802094112203
     1.3974543665275     0.9663559826138
     1.4375485199041     0.9673405657776
     2.2270899547352     0.9330365534752
     2.5064463025398     0.1435413927481
     2.5804521801526     0.9228499340282
     2.5840312698911     0.2862005931329
     2.6178523822653     0.7047803136882
     2.6495679405051     0.9161771491996
     3.0464834635715     0.1504186041967
     3.0528926973728     0.1741223530142
     3.5265196815202     0.6102293341219
     3.6464224162533     0.4906402657319
     3.6565457937558     0.6968014684019
     3.9449823551344     0.0374658924393
     3.9569923417507     0.0298759097314
     3.9774150294498     0.0190937342033
     4.2411067022208     0.3125338709354
     4.4318879934676     0.1526918029130
     4.5039485130941     0.3365816975582
     4.5313720552785     0.6121554658963
     4.5553347006911     0.7661359117474
     4.5695694925258     0.7758462670321
     5.3641448928366     0.1025094254735
     5.5379527215861     0.0004616671489
     5.7286213543726     0.0033494134618
     5.8098629423450     0.0000097395703
     6.1511380916805     0.2561725708502
     6.1900963171810     0.2725278343145
     6.2979959732674     0.0002021708064
     6.3038246822912     0.0010521409882
     6.4946102664499     0.4203352754012
     6.9589812681172     0.6583904738478
     7.0118424096188     0.6561893660323
     7.0441786183376     0.1388637931546
     7.0604249132236     0.2524989353657
     7.0641005320870     0.0130536039530
     7.0992614651016     0.2142683119439
     7.1064883676689     0.1906540966422
    -7.3250719261792     0.9728125631274
    -6.4495941775518     0.9861702937981
    -6.1770946045798     0.9837910299645
    -5.9609557385272     0.9828309196049
    -5.3149591696753     0.9801393061273
    -4.8952188381202     0.9802646466919
    -3.9550580254566     0.9817142295986
    -3.4477028706821     0.9834271790158
    -2.4909602106299     0.9854620071134
    -1.8337181614603     0.9884454384277
    -1.2822097672877     0.9876533390563
    -0.3717976576025     0.9858703117497
    -0.3192003527962     0.9864236823557
    -0.3003377877286     0.9864995461790
    -0.0759737476696     0.9873983803338
     0.0638406332958     0.9881503948904
     0.1385786295663     0.9881576308104
     0.2519723601376     0.9881476398478
     0.7548499269166     0.9838981035477
     0.9860789659200     0.9825955172835
     1.1737009412510     0.9779601357780
     1.2246017455879     0.9753616024655
     1.2974950286365     0.9767990404713
     1.6578891785872     0.9571279862937
     2.1562688920660     0.9410563228091
     2.4016627305635     0.9327222974171
     2.4956702163408     0.1388129501430
     2.6056765723221     0.0990624335123
     2.6898343410373     0.8809816337747
     2.8359938411613     0.9043960872015
     2.9660781631967     0.1695377578270
     3.1408992149493     0.1584105170675
     3.3363783287584     0.7713655974874
     3.5984082629122     0.4353663668162
     3.8172344583701     0.1822599575927
     3.8847267825609     0.4597966537932
     3.9684672864901     0.0188452461975
     4.0668901529788     0.0511284128612
     4.1592986974710     0.4544804513299
     4.2965593543563     0.7864514157850
     4.3268765159659     0.1711289174703
     4.5290579113396     0.0776463886424
     4.7199651010514     0.6528410996065
     4.8312946080515     0.7662075959118
     5.2822397836735     0.0802499584779
     5.6267926131116     0.0393569884289
     5.7208983283683     0.0033083922656
     5.8253674442415     0.0002914060440
     6.0502298471370     0.3598377524484
     6.2080652240855     0.0005105014975
     6.3111337327119     0.2323765038747
     6.4013602829302     0.0014862046954
     6.4108290096579     0.3609291188305
     6.7263647681036     0.7399385317228
     6.7848880702314     0.2151069522899
     6.8319393219962     0.1171225165196
     7.0466762021052     0.0539508341975
     7.0543731672787     0.0103050506239
     7.1415430282933     0.0243059202596
     7.1461951871925     0.0101196406398
    -7.3251557332300     0.9728034100972
    -6.4399766227439     0.9859950871311
    -6.2197569822699     0.9844061578125
    -5.8960359306121     0.9821368932688
    -5.4031969465718     0.9805607574522
    -4.7885441817793     0.9801959394822
    -4.0835495711709     0.9813665451594
    -3.3216417426889     0.9836543840024
    -2.5484772579224     0.9860704185036
    -1.8695848403441     0.9875023947367
    -1.2172681345279     0.9876606557084
    -0.3888023579925     0.9857749367434
    -0.3117175079304     0.9864364430667
    -0.2604633050711     0.9867170079249
    -0.1094894949319     0.9875047525671
    -0.0157129381419     0.9879117831509
     0.1913927189537     0.9877490249398
     0.3547107891071     0.9880222324168
     0.6790113368573     0.9855657877960
     0.8451487746743     0.9845823239823
     1.0307548576503     0.9794374848442
     1.2961766782175     0.9757449566383
     1.4609650342806     0.9725428415889
     1.9138505812979     0.9446998823962
     2.0251793913016     0.9497812184782
     2.2003112113665     0.9435813176268
     2.4829010707714     0.1089239049785
     2.6396336137886     0.1219606968843
     2.8237742430563     0.7099942769250
     2.9037943289990     0.3272302663132
     3.0602910931949     0.8878786789345
     3.0623730244894     0.8329704345577
     3.2376484587656     0.1583738570625
     3.5849891072899     0.4827273922398
     3.7062533824612     0.1085537284661
     3.9382691909047     0.2960577686719
     4.0312898646889     0.2278751397447
     4.0361092022603     0.8065667933225
     4.0637761396941     0.4362318148476
     4.1716685328253     0.0559773599629
     4.2411640226964     0.0594255111042
     4.6150231173122     0.0635387169614
     4.9435983286003     0.5810331858595
     5.0967479471653     0.7863693142942
     5.1751512526847     0.1611982648979
     5.7075154260335     0.0038276109489
     5.7578114800126     0.1125554053330
     5.8617887470109     0.0006398061761
     5.9880858659805     0.4847425847083
     6.1238327487146     0.0006735934903
     6.1744880099550     0.3065602789128
     6.4642642222573     0.1459489134674
     6.4666617218856     0.6829270756880
     6.5288810471932     0.0491580255255
     6.5379633833848     0.2701531523200
     6.6189317524627     0.0659111862061
     7.0245804232004     0.0388380607437
     7.0279798354635     0.0053852776537
     7.0488473331843     0.0061897403153
     7.1747722829965     0.0238778569383
    -7.3252092384742     0.9727941779426
    -6.4282058129899     0.9857583307487
    -6.2551147914994     0.9849159131260
    -5.8291185965177     0.9814555239070
    -5.4875221914193     0.9810645089027
    -4.6769125135341     0.9802351256251
    -4.2100054176572     0.9810372663844
    -3.2046116641295     0.9837174171878
    -2.6204993720729     0.9867257057669
    -1.8971305161295     0.9867293918493
    -1.1584592766425     0.9875254723980
    -0.3996505015995     0.9857039784555
    -0.3026579695238     0.9864411473919
    -0.2117290597985     0.9869725028032
    -0.1381395409208     0.9875523041737
    -0.0879032173793     0.9876572543428
     0.2460030791115     0.9872201016489
     0.4657577607620     0.9876558552880
     0.6065131742795     0.9869527711590
     0.7111415124754     0.9860240067492
     0.9199806006742     0.9824896888200
     1.3998893334452     0.9719802670333
     1.6315960616526     0.9672971960596
     1.8886300656531     0.9575605090242
     2.0068552115884     0.9528519536516
     2.1958525539887     0.9265089372798
     2.4742652523130     0.0898455146145
     2.6824172641891     0.1652301859405
     2.7678379399905     0.8518198396371
     2.8065302427548     0.1879149953240
     3.0111810999954     0.8126630498851
     3.2926487319031     0.8693837983224
     3.3385537602901     0.1840856841247
     3.5562851860663     0.6586543826758
     3.5808155379442     0.1036472356240
     3.7821982145437     0.8280570511511
     3.8256259437386     0.3352304792574
     4.0364858552712     0.0680451787291
     4.1773636298333     0.0611461118561
     4.1886267661539     0.2172074164140
     4.2446899963407     0.1160010477952
     4.7104586297682     0.0758693301007
     4.9855728151930     0.0841736104935
     5.2597799685613     0.7072435466201
     5.3374583205661     0.8665282855037
     5.6969981319652     0.0048394098974
     5.7842272241236     0.2999773333806
     5.9087437907505     0.0008615008265
     5.9772570001748     0.5671307977673
     6.0494457653271     0.0018388348234
     6.0861843145543     0.1273380531939
     6.2163917341880     0.1110422907206
     6.2566342725854     0.7793322067962
     6.4139314192138     0.0575927672947
     6.6316580832408     0.0011749663977
     6.7383708161916     0.1126144670663
     6.8953808797475     0.0009152394548
     7.0127617220308     0.0350634581621
     7.0306061329182     0.0104272468001
     7.1853008831811     0.0590505327508
